0 3  0.49562
0 7  0.537723
0 10  0.54455
0 25  0.27388
0 35  0.27388
0 37  0.54455
0 43  0.27388
0 45  0.27388
0 47  0.49562
0 51  0.537723
0 90  0.537723
0 94  0.27388
0 95  0.27388
0 100  0.49562
0 104  0.537723
0 107  0.27388
0 110  0.49562
1 26  1
1 108  1
2 99  1
2 123  1
3 0  0.49562
3 110  1
4 87  1
4 124  1
5 49  1
5 102  1
5 125  1
6 50  1
6 89  1
6 103  1
7 0  0.537723
7 104  1
8 91  1
8 105  1
9 53  1
9 92  1
10 0  0.54455
11 70  1
11 72  1
11 73  1
12 27  1
12 39  1
12 68  1
13 28  1
14 29  1
14 36  1
14 111  1
15 30  1
15 57  1
15 112  1
17 32  1
17 59  1
18 60  1
18 115  1
19 61  1
19 77  1
19 78  1
19 116  1
20 117  1
21 40  1
21 79  1
21 93  1
21 118  1
22 64  1
22 82  1
22 119  1
23 65  1
23 83  1
23 120  1
24 66  1
25 0  0.27388
25 35  1
25 43  1
25 95  1
25 107  1
26 1  1
27 12  1
27 39  1
27 54  1
27 68  1
28 13  1
28 55  1
29 14  1
29 36  1
30 15  1
31 113  1
32 17  1
33 115  1
34 61  1
34 78  1
34 116  1
35 0  0.27388
35 25  1
35 43  1
35 45  1
35 107  1
36 14  1
36 29  1
37 0  0.54455
38 73  1
38 74  1
38 76  1
39 12  1
39 27  1
39 54  1
39 68  1
39 69  1
40 21  1
40 79  1
40 118  1
41 80  1
42 66  1
42 121  1
43 0  0.27388
43 25  1
43 35  1
43 94  1
43 95  1
43 107  1
44 122  1
45 0  0.27388
45 35  1
45 94  1
45 107  1
46 99  1
46 109  1
47 0  0.49562
47 100  1
48 87  1
48 101  1
49 5  1
49 88  1
49 125  1
50 6  1
50 84  1
50 89  1
50 98  1
51 0  0.537723
51 90  1
51 104  1
52 91  1
53 9  1
54 27  1
54 39  1
54 68  1
54 69  1
55 28  1
56 111  1
57 15  1
59 17  1
59 114  1
60 18  1
61 19  1
61 34  1
61 78  1
61 116  1
62 117  1
63 79  1
63 93  1
64 22  1
64 81  1
64 82  1
65 23  1
65 83  1
66 24  1
66 42  1
66 121  1
67 117  1
68 12  1
68 27  1
68 39  1
68 54  1
69 39  1
69 54  1
70 11  1
70 72  1
70 73  1
70 76  1
71 73  1
71 74  1
71 75  1
71 76  1
72 11  1
72 70  1
72 73  1
72 74  1
72 75  1
72 76  1
73 11  1
73 38  1
73 70  1
73 71  1
73 72  1
73 74  1
73 76  1
74 38  1
74 71  1
74 72  1
74 73  1
75 71  1
75 72  1
75 76  1
76 38  1
76 70  1
76 71  1
76 72  1
76 73  1
76 75  1
77 19  1
78 19  1
78 34  1
78 61  1
79 21  1
79 40  1
79 63  1
79 93  1
79 118  1
80 41  1
81 64  1
81 82  1
82 22  1
82 64  1
82 81  1
82 119  1
83 23  1
83 65  1
83 120  1
84 50  1
84 89  1
84 98  1
84 103  1
85 105  1
86 99  1
86 109  1
87 4  1
87 48  1
87 124  1
88 49  1
88 97  1
88 125  1
89 6  1
89 50  1
89 84  1
89 103  1
90 0  0.537723
90 51  1
90 104  1
91 8  1
91 52  1
91 105  1
92 9  1
92 126  1
93 21  1
93 63  1
93 79  1
93 118  1
94 0  0.27388
94 43  1
94 45  1
95 0  0.27388
95 25  1
95 43  1
97 88  1
97 102  1
97 125  1
98 50  1
98 84  1
99 2  1
99 46  1
99 86  1
99 109  1
100 0  0.49562
100 47  1
100 110  1
101 48  1
101 124  1
102 5  1
102 97  1
102 125  1
103 6  1
103 84  1
103 89  1
104 0  0.537723
104 7  1
104 51  1
104 90  1
105 8  1
105 85  1
105 91  1
107 0  0.27388
107 25  1
107 35  1
107 43  1
107 45  1
108 1  1
109 46  1
109 86  1
109 99  1
109 123  1
110 0  0.49562
110 3  1
110 100  1
111 14  1
111 56  1
112 15  1
113 31  1
114 59  1
115 18  1
115 33  1
116 19  1
116 34  1
116 61  1
117 20  1
117 62  1
117 67  1
118 21  1
118 40  1
118 79  1
118 93  1
119 22  1
119 82  1
120 23  1
120 83  1
121 42  1
121 66  1
122 44  1
123 2  1
123 109  1
124 4  1
124 87  1
124 101  1
125 5  1
125 49  1
125 88  1
125 97  1
125 102  1
126 92  1
